Ticket       | Ativo    | Volume | Entrada    | Valor $      | Retorno   
---------------------------------------------------------------------------
1539581420   | USDCHF   | 0.9    | 0.78766    | 90000.00     | 311.99    
1538159469   | UK100    | 0.9    | 10383.90000 | 9345.51      | 39.12     
1537320689   | XAGUSD   | 0.4    | 81.02900   | 162058.00    | -183.20   
1536880767   | USDCNH   | 0.9    | 6.89091    | 90000.00     | -59.47    
1536660014   | USDCNH   | 0.4    | 6.88916    | 40000.00     | -26.20    
1530004167   | XAUAUD   | 0.01   | 7196.42000 | 4677.67      | 9.19      
1530420811   | USDHKD   | 1.0    | 7.82884    | 100000.00    | 5.62      
1529977846   | XAGAUD   | 0.01   | 118.24100  | 3842.83      | 9.45      
1529977771   | XAGUSD   | 0.01   | 83.62500   | 4181.25      | 9.49      
1530361927   | USDHKD   | 0.25   | 7.82710    | 25000.00     | 5.91      
